```python
matrix = [
 [1, 2, 3, 4],
 [5, 6, 7, 8],
 [9, 10, 11, 12],
 ]
```
### 1. 리스트 컴프리헨션으로 행렬 전치시키기
```python
new_m = [[row[i] for row in matrix] for i in range(4)]
```

### 2. for 문으로 행렬 전치
```python
#for 문으로
transposed = []
for i in range(4):
    transposed.append([row[i] for row in matrix])
```

### 3. zip함수로 언패킹
```python
unpack = list(zip(*matrix))
```

### 결과
```python
print(matrix)
print(new_m) # [[1, 5, 9], [2, 6, 10], [3, 7, 11], [4, 8, 12]]
print(transposed) #[[1, 5, 9], [2, 6, 10], [3, 7, 11], [4, 8, 12]]
print(unpack) #[(1, 5, 9), (2, 6, 10), (3, 7, 11), (4, 8, 12)]
```
